287381
482843
46096
-168292
-810902
-355563
294760
428853
268583
-443783
-383120
-354401
682132
47940
384953
261424
-402595
261263
254169
-577982
318528
452478
544295
-416608
581514
763345
491511
722678
-480968
-450690
328094
-124243
392590
999372
834955
397240
-754415
-58454
-973655
-48561
-948879
71257
523029
460972
753946
-698797
-383120
-739819
-168651
47940
-275947
-272629
-656907
262099
-757619
-925644
-71232
338489
-709282
-858978
568155
-295946
824320
-429882
-68085
-567877
610017
-96852
89762
704949
341808
-117488
-518225
762634
-298332
-729285
20012
279142
467976
-10587
563006
804852
443229
939856
-199842
-509529
759089
-20347
614408
157230
-486173
608233
111610
-332141
-377003
-669193
-110004
701364
319508
266751
-669193
-311188
-503323
672942
-366236
-246217
-844963
22759
-431827
-902746
660398
939856
219956
368095
633646
660398
-425124
254760
-327747
699621
-255922
372550
-913774
-947668
-272629
-533213
208783
28948
85505
-747859
-738577
-609140
-1256
-987062
787233
876410
403009
561422
408165
660501
-429882
976845
787233
-188350
-469880
674740
-987062
394661
-207239
-696251
-165527
261263
-457120
622873
-595705
73042
531013
-282308
-680959
-480205
-612859
563006
-139861
-438120
-87121
672942
370475
-212101
-993661
-942713
-560327
-686477
-797236
-328387
936035
-329967
589805
-188839
-198106
-425739
551507
734785
29332
461296
-332141
351324
-96199
951707
165980
198983
626428
316710
54384
-798588
-477897
-394247
-629685
925113
-306923
-17518
397240
-696251
-282308
404002
-139334
-1256
184906
478590
461105
-893110
-754755
-914042
-443783
-69279
-458462
857710
74759
952835
508991
352879
-165527
175220
131781
284680
121702
-282890
-547520
190249
808478
-616735
999372
-952583
-221546
177456
701138
-273067
-769449
-113011
762634
584822
382092
414079
168571
906680
-359226
756239
-490885
-993211
178496
871904
219956
-624859
-567877
-168292
431664
-484360
-95536
-337366
291670
120038
712083
-255922
261424
-247009
-740305
-346431
353730
221729
162281
952140
373669
-545942
273789
-41418
467976
792646
498960
962290
-41116
-436226
-257004
-621017
-115164
372981
73042
188579
-905599
-836219
-186429
819649
33914
-887956
171136
-306119
280615
-361199
-41691
-588053
399811
-362809
-744477
-364774
43848
-754755
408165
-795078
905530
-155770
583947
965408
835762
467976
50632
-783424
522162
-836219
-680959
985141
312570
382087
-515484
398506
-275108
-913774
-429882
106738
90367
-721429
158597
838310
605153
-41691
220755
413947
-488541
-812044
771274
-637881
-246217
614408
867425
225022
772025
-57514
492487
835646
663024
-969571
896611
-17518
-563493
-616735
-329433
862546
-867337
389739
54384
-165527
-96199
181170
-786247
293944
257176
474497
-103365
-126303
226070
-446507
-276935
489032
-370988
637484
-834490
487171
352879
-472211
-418732
106738
-85647
-20591
956148
626403
735287
716557
-221717
399811
33400
-447545
-504760
727933
121702
-115164
54384
940620
-623898
-698797
-478131
153105
-938113
663024
-38790
-674365
602017
401283
-796813
460850
-142468
-584809
-208072
-55729
387966
-541751
-709282
-186429
868633
894592
-595571
-436226
-207239
-735047
716827
-791586
734985
46096
-556606
99179
994318
-103194
164411
99179
483856
966248
-383393
47940
-472211
-362809
-853053
-15347
568849
952835
-450973
660210
-698797
-295946
-925644
-309566
-188350
199524
-260337
257176
50632
513364
324123
181275
-910736
720223
-698797
-71232
-7080
414421
-382337
420658
147811
602017
-52962
273789
463243
251171
986707
-715284
-612859
-683983
-188839
562194
871904
106738
-255922
-740305
-978752
232147
589805
106738
-329967
995100
816096
208173
-17535
268583
-155770
-446507
-913774
399811
-121026
-125607
368095
795746
60662
759089
-887956
152184
70838
952835
-302257
-282890
-463553
-446507
-488541
-69279
353730
-539215
-20368
273452
-577982
232364
795863
359282
999372
358959
-729285
-139709
372550
99179
245228
-103365
-329099
172329
513680
940620
528
