948214
965408
808478
835064
612036
584822
701138
973069
560932
934413
755911
952835
568849
522581
944779
898547
817201
804852
594157
563006
795353
905530
762634
858015
916493
759089
672942
841298
948214
915640
540991
787233
862546
478590
466030
911682
665382
537990
872209
522162
896611
712083
694324
791462
994005
971288
461296
461105
992407
699621
634661
954160
992315
994318
725803
633646
793931
555231
782227
637484
610693
544295
452478
606590
716557
618544
839425
604242
696201
635225
600291
467976
753946
939856
905530
696033
469027
801881
626428
791849
795126
699621
824320
732644
987322
819649
857710
466030
674740
526797
508991
762634
961734
952835
508991
480078
759089
660501
415281
835762
637484
460776
734985
968590
414421
998473
663024
888769
939856
660398
584822
731506
531013
787233
753946
589805
528724
697389
660210
962290
848040
665382
401283
527037
716827
712083
807148
866819
498960
872209
753946
697389
431664
413947
440030
715065
722678
491511
799037
795126
555231
495093
417514
382092
864355
663024
757517
675838
466030
414421
489032
408165
477393
460776
927391
660288
940620
867425
449152
954267
927391
824666
932155
498846
584000
404002
660288
801881
428853
400440
925113
568155
822293
696033
774168
795863
562194
436698
418216
382087
459116
379079
952835
463243
894592
771274
624935
966248
807441
576409
858684
537990
976845
730353
594157
563006
766244
506426
940620
727933
994318
952140
734785
347184
985141
954267
694324
400440
707071
480764
447761
936035
906680
722678
397240
999372
876410
603957
936035
492487
588070
999372
982455
754357
731419
505325
754493
351324
986707
436698
796319
602017
359282
755911
317172
513680
503251
314844
331339
710499
443229
353730
331449
868633
982455
399811
498960
995100
478744
410799
956148
735287
437720
816096
394661
483856
899052
857928
658712
422316
987322
688174
795746
312570
943562
389612
833713
372550
906191
642376
415281
551507
719281
697511
602017
980111
763345
581514
703205
919553
712376
498960
669548
911027
361258
466030
758024
853674
654762
277952
746786
361258
835646
453301
803767
954160
274276
772025
990436
261049
727345
967991
871904
407003
838310
465256
358959
999372
629152
392590
491511
982460
351224
474497
557902
962290
262099
951707
565601
817201
525192
645453
462622
765117
561422
460850
792814
885580
957227
614408
941450
926595
328094
588778
701364
682132
746786
801881
261424
792646
608233
606412
756239
660398
368095
834955
397240
787492
704949
608824
296906
871904
467976
285786
294760
672942
434296
845902
768806
347293
774168
686904
482843
287381
606412
669548
440030
252687
319508
839425
823044
426130
399811
753946
460972
398506
312107
240984
219956
748165
434126
410799
302805
317427
562194
451074
280615
397791
513364
338489
748165
232147
394414
312570
208173
325398
338489
474337
190249
583947
250472
622873
389612
720223
491843
435056
254169
491077
523029
404002
458247
192333
610017
290661
254760
626403
433430
682635
338489
581514
261263
605926
508681
537219
502904
225955
433430
581514
429475
399811
385696
605153
372981
274276
603847
207982
279751
192459
175220
467976
368095
614408
589805
592222
365767
352879
604362
170476
487171
251171
313804
183971
318528
162281
498960
257176
494354
537990
262653
324123
320033
498846
465256
277801
415281
279751
461296
387966
331339
208783
290466
414079
168571
281180
375327
372320
407003
207982
162281
225022
420658
188579
344681
158067
382087
435056
126179
403009
316710
134316
319508
370475
312107
281180
171085
361258
330345
293944
121702
162767
302939
399179
276450
291670
237400
205562
268512
162829
290466
279751
167493
252687
111582
252687
261263
245228
90367
157230
208173
111610
112319
73042
208173
57270
33914
74759
89762
80208
528
